-6.615876883289255328e-02	-3.797412464365720330e-01
3.862056150802142124e-02	-2.206430345510447810e-01
-2.174540199466125368e-02	-3.816223004754714099e-01
1.840080817773721011e-01	3.017568853729782896e-01
-3.433552218305723630e-03	1.414971298381135015e-02
2.326317098284776397e-01	2.337798142933631557e-02
-7.746686203565396056e-01	1.868950371777233777e-01
-8.114771189851005539e-02	6.961935130211228950e-02
8.750287371335874198e-02	1.795855807910177737e-01
1.850064636972283960e-01	-2.839765384447191510e-01
-6.595992057504605766e-02	2.349075707104687494e-01
-3.805238213422379445e-01	7.295849455718188270e-02
-3.285432610920258067e-01	-5.970753065215916866e-01
